CASE 2 0 3 4 LEN 27 51 32 52 32 32 32 32 32 32 32 32 33 32 70 95 78 111 116 99 104 84 121 112 101 32 32 120
CASE 1 0 0 LEN 34 48 32 32 32 32 32 32 32 32 32 32 32 32 32 32 32 32 32 32 33 32 89 95 67 111 110 116 114 111 108 77 111 100 101
CASE 2 0 7 -8 LEN 10 43 55 32 45 56 32 78 97 109 101
CASE 1 0 7 LEN 8 48 48 55 32 78 97 109 101
CASE 2 5010 5 -987654 LEN 12 53 32 32 32 78 97 109 101 72 101 114 101
CASE 1 -1 -987654 LEN 3 32 32 32
CASE 4 -1 1 2 -987654 -987654 LEN 3 49 32 50
CASE 1 5010 -987654 LEN 10 78 97 109 101 72 101 114 101 32 49
CASE 3 0 1 2 3 LEN 10 49 44 50 44 51 32 78 97 109 101
CASE 3 0 1 -987654 3 LEN 10 49 44 32 44 51 32 78 97 109 101
CASE 2 0 1 2 LEN 8 49 9 50 32 78 97 109 101
CASE 3 0 1 -987654 3 LEN 9 49 44 44 51 32 78 97 109 101
CASE 2 5010 1 -987654 LEN 7 49 44 32 78 97 109 101
CASE 2 -1 1 -987654 LEN 2 49 44
CASE 2 0 -987654 1 LEN 4 44 49 32 50
CASE 3 0 -987654 -987654 1 LEN 5 44 44 49 32 50
CASE 3 0 7 7 7 LEN 8 51 42 55 32 78 97 109 101
CASE 3 0 -987654 -987654 8 LEN 9 50 42 32 56 32 78 97 109 101
CASE 2 5010 -987654 -987654 LEN 5 48 42 49 32 50
CASE 1 5010 -987654 LEN 2 42 49
CASE 2 0 -5 -5 LEN 9 50 42 45 53 32 78 97 109 101
CASE 2 0 5 5 LEN 9 50 42 43 53 32 78 97 109 101
CASE 3 0 7 7 7 LEN 8 53 42 55 32 78 97 109 101
CASE 3 0 -987654 -987654 -987654 LEN 2 51 42
CASE 3 0 -987654 -987654 9 LEN 9 50 42 44 57 32 78 97 109 101
CASE 2 5010 -987654 -987654 LEN 10 50 42 51 46 53 32 78 97 109 101
CASE 2 0 7 7 LEN 9 48 50 42 55 32 78 97 109 101
CASE 2 5010 -987654 -987654 LEN 18 57 57 57 57 57 57 57 57 57 57 57 42 55 32 78 97 109 101
CASE 2 5010 -987654 -987654 LEN 17 50 49 52 55 52 56 51 54 52 55 42 55 32 78 97 109 101
CASE 2 5010 -987654 -987654 LEN 17 50 49 52 55 52 56 51 54 52 56 42 55 32 78 97 109 101
CASE 2 0 7 7 LEN 16 50 48 48 48 48 48 48 48 48 42 55 32 78 97 109 101
CASE 2 5010 -987654 -987654 LEN 16 50 48 48 48 48 48 48 48 49 42 55 32 78 97 109 101
CASE 2 0 7 7 LEN 16 49 57 57 57 57 57 57 57 57 42 55 32 78 97 109 101
CASE 2 5010 -987654 -987654 LEN 9 45 50 42 55 32 78 97 109 101
CASE 2 5010 -987654 -987654 LEN 9 50 42 42 55 32 78 97 109 101
CASE 2 -1 -987654 -987654 LEN 2 49 42
CASE 3 0 1 -987654 -987654 LEN 10 49 32 47 32 50 32 78 97 109 101
CASE 2 0 -987654 -987654 LEN 5 47 32 49 32 50
CASE 3 0 1 -987654 -987654 LEN 8 49 47 50 32 78 97 109 101
CASE 3 0 1 -987654 -987654 LEN 3 49 32 47
CASE 2 5010 -987654 -987654 LEN 4 49 39 32 50
CASE 2 5010 -987654 -987654 LEN 4 49 33 32 50
CASE 2 0 1 2 LEN 4 49 13 32 50
CASE 2 0 1 2 LEN 4 49 10 32 50
CASE 2 0 1 2 LEN 4 49 10 44 50
CASE 2 5010 -987654 -987654 LEN 10 49 46 53 32 50 32 78 97 109 101
CASE 1 5010 -987654 LEN 7 53 46 32 78 97 109 101
CASE 1 5010 -987654 LEN 7 46 53 32 78 97 109 101
CASE 1 5010 -987654 LEN 3 46 32 49
CASE 1 5010 -987654 LEN 4 45 46 32 49
CASE 1 5010 -987654 LEN 7 49 46 48 46 48 32 50
CASE 1 5010 -987654 LEN 8 49 101 50 32 78 97 109 101
CASE 1 5010 -987654 LEN 8 49 100 50 32 78 97 109 101
CASE 1 5010 -987654 LEN 8 49 43 50 32 78 97 109 101
CASE 2 5010 -987654 -987654 LEN 3 46 32 53
CASE 2 5010 -987654 -987654 LEN 4 46 44 32 53
CASE 2 5010 -987654 -987654 LEN 4 46 47 32 53
CASE 2 5010 -987654 -987654 LEN 4 43 46 32 53
CASE 2 5010 -987654 -987654 LEN 4 53 46 32 54
CASE 2 5010 -987654 -987654 LEN 5 53 46 44 32 54
CASE 2 5010 -987654 -987654 LEN 4 101 49 32 53
CASE 2 5010 -987654 -987654 LEN 5 46 101 49 32 53
CASE 2 5010 -987654 -987654 LEN 5 98 97 100 32 50
CASE 4 5010 1 2 -987654 -987654 LEN 9 49 32 50 32 98 97 100 32 52
CASE 2 5010 -987654 -987654 LEN 6 53 97 98 99 32 50
CASE 1 5010 -987654 LEN 6 33 32 78 97 109 101
CASE 2 5010 -987654 -987654 LEN 5 39 49 39 32 50
CASE 1 5010 -987654 LEN 3 43 32 49
CASE 1 5010 -987654 LEN 3 45 32 49
CASE 1 5010 -987654 LEN 3 45 32 53
CASE 2 0 0 5 LEN 4 43 48 32 53
CASE 1 0 2147483647 LEN 15 50 49 52 55 52 56 51 54 52 55 32 78 97 109 101
CASE 1 5010 -987654 LEN 15 50 49 52 55 52 56 51 54 52 56 32 78 97 109 101
CASE 1 0 -2147483648 LEN 11 45 50 49 52 55 52 56 51 54 52 56
CASE 1 5010 -987654 LEN 16 45 50 49 52 55 52 56 51 54 52 57 32 78 97 109 101
CASE 2 5010 -987654 -987654 LEN 22 57 57 57 57 57 57 57 57 57 57 57 57 57 57 57 57 57 57 57 57 32 50
CASE 2 5010 1 -987654 LEN 22 49 32 57 57 57 57 57 57 57 57 57 57 57 57 57 57 57 57 57 57 57 57
CASE 1 0 2147483646 LEN 10 50 49 52 55 52 56 51 54 52 54
CASE 1 5010 -987654 LEN 12 48 48 50 49 52 55 52 56 51 54 52 56
CASE 1 0 -5 LEN 14 45 48 48 48 48 48 48 48 48 48 48 48 48 53
CASE 1 0 42 LEN 24 48 48 48 48 48 48 48 48 48 48 48 48 48 48 48 48 48 52 50 32 78 97 109 101
CASE 1 0 42 LEN 12 32 32 32 32 32 52 50 32 78 97 109 101
CASE 1 -1 -987654 LEN 2 9 9
CASE 1 5010 -987654 LEN 1 59
CASE 1 5010 -987654 LEN 2 59 49
CASE 2 5010 -987654 -987654 LEN 3 49 59 50
CASE 1 5010 -987654 LEN 3 49 59 50
CASE 2 0 1 -987654 LEN 4 49 32 59 50
CASE 2 0 1 -987654 LEN 5 49 32 59 32 50
CASE 2 5010 -987654 -987654 LEN 4 49 59 32 50
CASE 3 0 1 2 -987654 LEN 6 49 32 50 32 59 51
CASE 2 5010 1 -987654 LEN 5 49 44 32 59 50
CASE 2 0 1 -987654 LEN 3 49 32 59
CASE 2 5010 -987654 -987654 LEN 4 59 49 32 50
CASE 2 0 1 -987654 LEN 5 49 32 32 59 50
CASE 2 0 1 -987654 LEN 4 49 9 59 50
CASE 2 5010 1 -987654 LEN 6 49 32 44 32 59 50
CASE 3 5010 1 -987654 -987654 LEN 5 49 44 44 59 51
CASE 3 0 -987654 -987654 -987654 LEN 5 50 42 32 59 51
CASE 3 0 1 2 -987654 LEN 6 49 44 50 32 59 51
CASE 2 0 1 -987654 LEN 5 49 32 32 32 59
CASE 2 0 1 2 LEN 5 49 32 50 32 59
CASE 1 5010 -987654 LEN 4 32 32 59 49
CASE 2 0 1 -987654 LEN 5 49 32 59 59 50
CASE 2 0 1 -987654 LEN 5 49 32 47 59 50
CASE 3 0 1 -987654 2 LEN 6 49 32 59 50 32 51
CASE 3 5010 1 -987654 -987654 LEN 7 49 32 59 59 50 32 51
CASE 3 5010 1 -987654 -987654 LEN 6 49 32 59 32 59 50
CASE 3 0 1 -987654 -987654 LEN 7 49 32 59 44 50 32 51
CASE 3 5010 1 -987654 -987654 LEN 5 49 44 32 59 50
CASE 3 5010 1 -987654 -987654 LEN 8 49 32 44 32 59 50 32 51
CASE 2 5010 1 -987654 LEN 4 49 10 59 50
CASE 3 0 1 2 -987654 LEN 8 49 32 44 32 50 32 59 51
